surf file from Pizza.py

590 points
590 lines

Points

1 0.000000 0.000000
2 0.000008 0.009985
3 0.000033 0.019970
4 0.000074 0.029955
5 0.000132 0.039939
6 0.000206 0.049924
7 0.000297 0.059909
8 0.000405 0.069893
9 0.000529 0.079877
10 0.000669 0.089861
11 0.000826 0.099845
12 0.000999 0.109828
13 0.001189 0.119811
14 0.001396 0.129794
15 0.001619 0.139776
16 0.001858 0.149758
17 0.002114 0.159740
18 0.002387 0.169721
19 0.002676 0.179702
20 0.002982 0.189682
21 0.003304 0.199662
22 0.003642 0.209641
23 0.003997 0.219620
24 0.004369 0.229598
25 0.004757 0.239575
26 0.005162 0.249552
27 0.005583 0.259528
28 0.006020 0.269503
29 0.006475 0.279478
30 0.006945 0.289452
31 0.007432 0.299425
32 0.007936 0.309397
33 0.008456 0.319368
34 0.008993 0.329339
35 0.009546 0.339308
36 0.010115 0.349277
37 0.010702 0.359245
38 0.011304 0.369211
39 0.011923 0.379177
40 0.012559 0.389142
41 0.013211 0.399105
42 0.013879 0.409068
43 0.014564 0.419029
44 0.015266 0.428989
45 0.015984 0.438949
46 0.016718 0.448906
47 0.017469 0.458863
48 0.018237 0.468818
49 0.019021 0.478773
50 0.019821 0.488725
51 0.020638 0.498677
52 0.021471 0.508627
53 0.022321 0.518576
54 0.023187 0.528523
55 0.024070 0.538469
56 0.024969 0.548413
57 0.025884 0.558356
58 0.026816 0.568297
59 0.027765 0.578237
60 0.028730 0.588175
61 0.029711 0.598112
62 0.030709 0.608047
63 0.031723 0.617980
64 0.032754 0.627912
65 0.033801 0.637841
66 0.034864 0.647770
67 0.035944 0.657696
68 0.037040 0.667620
69 0.038153 0.677543
70 0.039282 0.687464
71 0.040428 0.697383
72 0.041590 0.707300
73 0.042768 0.717215
74 0.043963 0.727128
75 0.045174 0.737040
76 0.046402 0.746949
77 0.047646 0.756856
78 0.048906 0.766761
79 0.050183 0.776664
80 0.051476 0.786565
81 0.052786 0.796463
82 0.054112 0.806360
83 0.055454 0.816254
84 0.056813 0.826146
85 0.058188 0.836036
86 0.059579 0.845924
87 0.060987 0.855809
88 0.062411 0.865692
89 0.063851 0.875572
90 0.065308 0.885450
91 0.066781 0.895326
92 0.068270 0.905199
93 0.069776 0.915070
94 0.071298 0.924938
95 0.072837 0.934804
96 0.074392 0.944667
97 0.075963 0.954527
98 0.077550 0.964385
99 0.079154 0.974241
100 0.080774 0.984093
101 0.082410 0.993943
102 0.084063 1.003790
103 0.085731 1.013635
104 0.087417 1.023476
105 0.089118 1.033315
106 0.090836 1.043151
107 0.092570 1.052985
108 0.094320 1.062815
109 0.096086 1.072642
110 0.097869 1.082467
111 0.099668 1.092288
112 0.101484 1.102107
113 0.103315 1.111922
114 0.105163 1.121735
115 0.107027 1.131544
116 0.108907 1.141351
117 0.110803 1.151154
118 0.112716 1.160954
119 0.114645 1.170751
120 0.116590 1.180544
121 0.118551 1.190335
122 0.120529 1.200122
123 0.122522 1.209906
124 0.124532 1.219686
125 0.126558 1.229463
126 0.128600 1.239237
127 0.130659 1.249008
128 0.132733 1.258775
129 0.134824 1.268538
130 0.136931 1.278298
131 0.139054 1.288055
132 0.141193 1.297808
133 0.143348 1.307558
134 0.145519 1.317304
135 0.147707 1.327046
136 0.149910 1.336785
137 0.152130 1.346520
138 0.154366 1.356251
139 0.156618 1.365979
140 0.158886 1.375703
141 0.161170 1.385423
142 0.163470 1.395139
143 0.165786 1.404852
144 0.168119 1.414561
145 0.170467 1.424265
146 0.172831 1.433966
147 0.175212 1.443663
148 0.177608 1.453356
149 0.180021 1.463045
150 0.182450 1.472731
151 0.184894 1.482412
152 0.187355 1.492089
153 0.189831 1.501761
154 0.192324 1.511430
155 0.194832 1.521095
156 0.197357 1.530755
157 0.199898 1.540412
158 0.202454 1.550064
159 0.205027 1.559712
160 0.207615 1.569355
161 0.210220 1.578994
162 0.212840 1.588629
163 0.215476 1.598260
164 0.218128 1.607886
165 0.220797 1.617508
166 0.223481 1.627126
167 0.226181 1.636738
168 0.228896 1.646347
169 0.231628 1.655951
170 0.234376 1.665550
171 0.237139 1.675145
172 0.239919 1.684735
173 0.242714 1.694321
174 0.245525 1.703902
175 0.248352 1.713479
176 0.251195 1.723050
177 0.254053 1.732617
178 0.256928 1.742179
179 0.259818 1.751737
180 0.262724 1.761290
181 0.265646 1.770837
182 0.268584 1.780380
183 0.271537 1.789919
184 0.274507 1.799452
185 0.277492 1.808980
186 0.280492 1.818503
187 0.283509 1.828022
188 0.286541 1.837535
189 0.289589 1.847043
190 0.292653 1.856547
191 0.295732 1.866045
192 0.298827 1.875538
193 0.301938 1.885026
194 0.305065 1.894509
195 0.308207 1.903986
196 0.311365 1.913459
197 0.314538 1.922926
198 0.317728 1.932388
199 0.320933 1.941844
200 0.324153 1.951296
201 0.327389 1.960742
202 0.330641 1.970182
203 0.333908 1.979617
204 0.337191 1.989047
205 0.340490 1.998471
206 0.343804 2.007890
207 0.347134 2.017304
208 0.350479 2.026712
209 0.353840 2.036114
210 0.357217 2.045511
211 0.360609 2.054902
212 0.364016 2.064287
213 0.367439 2.073667
214 0.370878 2.083041
215 0.374332 2.092410
216 0.377801 2.101772
217 0.381286 2.111129
218 0.384787 2.120481
219 0.388303 2.129826
220 0.391834 2.139165
221 0.395381 2.148499
222 0.398943 2.157827
223 0.402521 2.167149
224 0.406114 2.176465
225 0.409723 2.185775
226 0.413347 2.195079
227 0.416986 2.204377
228 0.420641 2.213669
229 0.424311 2.222955
230 0.427997 2.232235
231 0.431697 2.241509
232 0.435414 2.250776
233 0.439145 2.260038
234 0.442892 2.269293
235 0.446654 2.278542
236 0.450431 2.287785
237 0.454224 2.297022
238 0.458032 2.306252
239 0.461855 2.315476
240 0.465694 2.324693
241 0.469547 2.333905
242 0.473416 2.343110
243 0.477301 2.352308
244 0.481200 2.361500
245 0.485259 2.370553
246 0.489672 2.379438
247 0.494432 2.388142
248 0.499532 2.396652
249 0.504963 2.404954
250 0.510718 2.413035
251 0.516787 2.420883
252 0.523161 2.428485
253 0.529829 2.435830
254 0.536783 2.442907
255 0.544010 2.449703
256 0.551500 2.456209
257 0.559240 2.462414
258 0.567219 2.468310
259 0.575425 2.473886
260 0.583844 2.479133
261 0.592464 2.484045
262 0.601271 2.488613
263 0.610251 2.492829
264 0.619390 2.496689
265 0.628675 2.500184
266 0.638090 2.503311
267 0.647621 2.506064
268 0.657254 2.508438
269 0.666972 2.510431
270 0.676762 2.512039
271 0.686607 2.513259
272 0.696493 2.514090
273 0.706404 2.514531
274 0.716325 2.514580
275 0.726240 2.514237
276 0.736134 2.513504
277 0.745991 2.512381
278 0.755796 2.510870
279 0.765534 2.508974
280 0.775189 2.506694
281 0.784747 2.504036
282 0.794193 2.501002
283 0.803512 2.497599
284 0.812689 2.493830
285 0.821710 2.489702
286 0.830562 2.485222
287 0.839229 2.480396
288 0.847700 2.475231
289 3.278495 0.926644
290 3.285247 0.921502
291 3.291048 0.915308
292 3.295738 0.908234
293 3.299184 0.900479
294 3.301291 0.892257
295 3.302000 0.883800
296 3.302000 0.000000
297 3.302000 -0.883800
298 3.301291 -0.892257
299 3.299184 -0.900479
300 3.295738 -0.908234
301 3.291048 -0.915308
302 3.285247 -0.921502
303 3.278495 -0.926644
304 0.847700 -2.475231
305 0.839229 -2.480396
306 0.830562 -2.485222
307 0.821710 -2.489702
308 0.812689 -2.493830
309 0.803512 -2.497599
310 0.794193 -2.501002
311 0.784747 -2.504036
312 0.775189 -2.506694
313 0.765534 -2.508974
314 0.755796 -2.510870
315 0.745991 -2.512381
316 0.736134 -2.513504
317 0.726240 -2.514237
318 0.716325 -2.514580
319 0.706404 -2.514531
320 0.696493 -2.514090
321 0.686607 -2.513259
322 0.676762 -2.512039
323 0.666972 -2.510431
324 0.657254 -2.508438
325 0.647621 -2.506064
326 0.638090 -2.503311
327 0.628675 -2.500184
328 0.619390 -2.496689
329 0.610251 -2.492829
330 0.601271 -2.488613
331 0.592464 -2.484045
332 0.583844 -2.479133
333 0.575425 -2.473886
334 0.567219 -2.468310
335 0.559240 -2.462414
336 0.551500 -2.456209
337 0.544010 -2.449703
338 0.536783 -2.442907
339 0.529829 -2.435830
340 0.523161 -2.428485
341 0.516787 -2.420883
342 0.510718 -2.413035
343 0.504963 -2.404954
344 0.499532 -2.396652
345 0.494432 -2.388142
346 0.489672 -2.379438
347 0.485259 -2.370553
348 0.481200 -2.361500
349 0.477301 -2.352308
350 0.473416 -2.343110
351 0.469547 -2.333905
352 0.465694 -2.324693
353 0.461855 -2.315476
354 0.458032 -2.306252
355 0.454224 -2.297022
356 0.450431 -2.287785
357 0.446654 -2.278542
358 0.442892 -2.269293
359 0.439145 -2.260038
360 0.435414 -2.250776
361 0.431697 -2.241509
362 0.427997 -2.232235
363 0.424311 -2.222955
364 0.420641 -2.213669
365 0.416986 -2.204377
366 0.413347 -2.195079
367 0.409723 -2.185775
368 0.406114 -2.176465
369 0.402521 -2.167149
370 0.398943 -2.157827
371 0.395381 -2.148499
372 0.391834 -2.139165
373 0.388303 -2.129826
374 0.384787 -2.120481
375 0.381286 -2.111129
376 0.377801 -2.101772
377 0.374332 -2.092410
378 0.370878 -2.083041
379 0.367439 -2.073667
380 0.364016 -2.064287
381 0.360609 -2.054902
382 0.357217 -2.045511
383 0.353840 -2.036114
384 0.350479 -2.026712
385 0.347134 -2.017304
386 0.343804 -2.007890
387 0.340490 -1.998471
388 0.337191 -1.989047
389 0.333908 -1.979617
390 0.330641 -1.970182
391 0.327389 -1.960742
392 0.324153 -1.951296
393 0.320933 -1.941844
394 0.317728 -1.932388
395 0.314538 -1.922926
396 0.311365 -1.913459
397 0.308207 -1.903986
398 0.305065 -1.894509
399 0.301938 -1.885026
400 0.298827 -1.875538
401 0.295732 -1.866045
402 0.292653 -1.856547
403 0.289589 -1.847043
404 0.286541 -1.837535
405 0.283509 -1.828022
406 0.280492 -1.818503
407 0.277492 -1.808980
408 0.274507 -1.799452
409 0.271537 -1.789919
410 0.268584 -1.780380
411 0.265646 -1.770837
412 0.262724 -1.761290
413 0.259818 -1.751737
414 0.256928 -1.742179
415 0.254053 -1.732617
416 0.251195 -1.723050
417 0.248352 -1.713479
418 0.245525 -1.703902
419 0.242714 -1.694321
420 0.239919 -1.684735
421 0.237139 -1.675145
422 0.234376 -1.665550
423 0.231628 -1.655951
424 0.228896 -1.646347
425 0.226181 -1.636738
426 0.223481 -1.627126
427 0.220797 -1.617508
428 0.218128 -1.607886
429 0.215476 -1.598260
430 0.212840 -1.588629
431 0.210220 -1.578994
432 0.207615 -1.569355
433 0.205027 -1.559712
434 0.202454 -1.550064
435 0.199898 -1.540412
436 0.197357 -1.530755
437 0.194832 -1.521095
438 0.192324 -1.511430
439 0.189831 -1.501761
440 0.187355 -1.492089
441 0.184894 -1.482412
442 0.182450 -1.472731
443 0.180021 -1.463045
444 0.177608 -1.453356
445 0.175212 -1.443663
446 0.172831 -1.433966
447 0.170467 -1.424265
448 0.168119 -1.414561
449 0.165786 -1.404852
450 0.163470 -1.395139
451 0.161170 -1.385423
452 0.158886 -1.375703
453 0.156618 -1.365979
454 0.154366 -1.356251
455 0.152130 -1.346520
456 0.149910 -1.336785
457 0.147707 -1.327046
458 0.145519 -1.317304
459 0.143348 -1.307558
460 0.141193 -1.297808
461 0.139054 -1.288055
462 0.136931 -1.278298
463 0.134824 -1.268538
464 0.132733 -1.258775
465 0.130659 -1.249008
466 0.128600 -1.239237
467 0.126558 -1.229463
468 0.124532 -1.219686
469 0.122522 -1.209906
470 0.120529 -1.200122
471 0.118551 -1.190335
472 0.116590 -1.180544
473 0.114645 -1.170751
474 0.112716 -1.160954
475 0.110803 -1.151154
476 0.108907 -1.141351
477 0.107027 -1.131544
478 0.105163 -1.121735
479 0.103315 -1.111922
480 0.101484 -1.102107
481 0.099668 -1.092288
482 0.097869 -1.082467
483 0.096086 -1.072642
484 0.094320 -1.062815
485 0.092570 -1.052985
486 0.090836 -1.043151
487 0.089118 -1.033315
488 0.087417 -1.023476
489 0.085731 -1.013635
490 0.084063 -1.003790
491 0.082410 -0.993943
492 0.080774 -0.984093
493 0.079154 -0.974241
494 0.077550 -0.964385
495 0.075963 -0.954527
496 0.074392 -0.944667
497 0.072837 -0.934804
498 0.071298 -0.924938
499 0.069776 -0.915070
500 0.068270 -0.905199
501 0.066781 -0.895326
502 0.065308 -0.885450
503 0.063851 -0.875572
504 0.062411 -0.865692
505 0.060987 -0.855809
506 0.059579 -0.845924
507 0.058188 -0.836036
508 0.056813 -0.826146
509 0.055454 -0.816254
510 0.054112 -0.806360
511 0.052786 -0.796463
512 0.051476 -0.786565
513 0.050183 -0.776664
514 0.048906 -0.766761
515 0.047646 -0.756856
516 0.046402 -0.746949
517 0.045174 -0.737040
518 0.043963 -0.727128
519 0.042768 -0.717215
520 0.041590 -0.707300
521 0.040428 -0.697383
522 0.039282 -0.687464
523 0.038153 -0.677543
524 0.037040 -0.667620
525 0.035944 -0.657696
526 0.034864 -0.647770
527 0.033801 -0.637841
528 0.032754 -0.627912
529 0.031723 -0.617980
530 0.030709 -0.608047
531 0.029711 -0.598112
532 0.028730 -0.588175
533 0.027765 -0.578237
534 0.026816 -0.568297
535 0.025884 -0.558356
536 0.024969 -0.548413
537 0.024070 -0.538469
538 0.023187 -0.528523
539 0.022321 -0.518576
540 0.021471 -0.508627
541 0.020638 -0.498677
542 0.019821 -0.488725
543 0.019021 -0.478773
544 0.018237 -0.468818
545 0.017469 -0.458863
546 0.016718 -0.448906
547 0.015984 -0.438949
548 0.015266 -0.428989
549 0.014564 -0.419029
550 0.013879 -0.409068
551 0.013211 -0.399105
552 0.012559 -0.389142
553 0.011923 -0.379177
554 0.011304 -0.369211
555 0.010702 -0.359245
556 0.010115 -0.349277
557 0.009546 -0.339308
558 0.008993 -0.329339
559 0.008456 -0.319368
560 0.007936 -0.309397
561 0.007432 -0.299425
562 0.006945 -0.289452
563 0.006475 -0.279478
564 0.006020 -0.269503
565 0.005583 -0.259528
566 0.005162 -0.249552
567 0.004757 -0.239575
568 0.004369 -0.229598
569 0.003997 -0.219620
570 0.003642 -0.209641
571 0.003304 -0.199662
572 0.002982 -0.189682
573 0.002676 -0.179702
574 0.002387 -0.169721
575 0.002114 -0.159740
576 0.001858 -0.149758
577 0.001619 -0.139776
578 0.001396 -0.129794
579 0.001189 -0.119811
580 0.000999 -0.109828
581 0.000826 -0.099845
582 0.000669 -0.089861
583 0.000529 -0.079877
584 0.000405 -0.069893
585 0.000297 -0.059909
586 0.000206 -0.049924
587 0.000132 -0.039939
588 0.000074 -0.029955
589 0.000033 -0.019970
590 0.000008 -0.009985

Lines

1 1 2
2 2 3
3 3 4
4 4 5
5 5 6
6 6 7
7 7 8
8 8 9
9 9 10
10 10 11
11 11 12
12 12 13
13 13 14
14 14 15
15 15 16
16 16 17
17 17 18
18 18 19
19 19 20
20 20 21
21 21 22
22 22 23
23 23 24
24 24 25
25 25 26
26 26 27
27 27 28
28 28 29
29 29 30
30 30 31
31 31 32
32 32 33
33 33 34
34 34 35
35 35 36
36 36 37
37 37 38
38 38 39
39 39 40
40 40 41
41 41 42
42 42 43
43 43 44
44 44 45
45 45 46
46 46 47
47 47 48
48 48 49
49 49 50
50 50 51
51 51 52
52 52 53
53 53 54
54 54 55
55 55 56
56 56 57
57 57 58
58 58 59
59 59 60
60 60 61
61 61 62
62 62 63
63 63 64
64 64 65
65 65 66
66 66 67
67 67 68
68 68 69
69 69 70
70 70 71
71 71 72
72 72 73
73 73 74
74 74 75
75 75 76
76 76 77
77 77 78
78 78 79
79 79 80
80 80 81
81 81 82
82 82 83
83 83 84
84 84 85
85 85 86
86 86 87
87 87 88
88 88 89
89 89 90
90 90 91
91 91 92
92 92 93
93 93 94
94 94 95
95 95 96
96 96 97
97 97 98
98 98 99
99 99 100
100 100 101
101 101 102
102 102 103
103 103 104
104 104 105
105 105 106
106 106 107
107 107 108
108 108 109
109 109 110
110 110 111
111 111 112
112 112 113
113 113 114
114 114 115
115 115 116
116 116 117
117 117 118
118 118 119
119 119 120
120 120 121
121 121 122
122 122 123
123 123 124
124 124 125
125 125 126
126 126 127
127 127 128
128 128 129
129 129 130
130 130 131
131 131 132
132 132 133
133 133 134
134 134 135
135 135 136
136 136 137
137 137 138
138 138 139
139 139 140
140 140 141
141 141 142
142 142 143
143 143 144
144 144 145
145 145 146
146 146 147
147 147 148
148 148 149
149 149 150
150 150 151
151 151 152
152 152 153
153 153 154
154 154 155
155 155 156
156 156 157
157 157 158
158 158 159
159 159 160
160 160 161
161 161 162
162 162 163
163 163 164
164 164 165
165 165 166
166 166 167
167 167 168
168 168 169
169 169 170
170 170 171
171 171 172
172 172 173
173 173 174
174 174 175
175 175 176
176 176 177
177 177 178
178 178 179
179 179 180
180 180 181
181 181 182
182 182 183
183 183 184
184 184 185
185 185 186
186 186 187
187 187 188
188 188 189
189 189 190
190 190 191
191 191 192
192 192 193
193 193 194
194 194 195
195 195 196
196 196 197
197 197 198
198 198 199
199 199 200
200 200 201
201 201 202
202 202 203
203 203 204
204 204 205
205 205 206
206 206 207
207 207 208
208 208 209
209 209 210
210 210 211
211 211 212
212 212 213
213 213 214
214 214 215
215 215 216
216 216 217
217 217 218
218 218 219
219 219 220
220 220 221
221 221 222
222 222 223
223 223 224
224 224 225
225 225 226
226 226 227
227 227 228
228 228 229
229 229 230
230 230 231
231 231 232
232 232 233
233 233 234
234 234 235
235 235 236
236 236 237
237 237 238
238 238 239
239 239 240
240 240 241
241 241 242
242 242 243
243 243 244
244 244 245
245 245 246
246 246 247
247 247 248
248 248 249
249 249 250
250 250 251
251 251 252
252 252 253
253 253 254
254 254 255
255 255 256
256 256 257
257 257 258
258 258 259
259 259 260
260 260 261
261 261 262
262 262 263
263 263 264
264 264 265
265 265 266
266 266 267
267 267 268
268 268 269
269 269 270
270 270 271
271 271 272
272 272 273
273 273 274
274 274 275
275 275 276
276 276 277
277 277 278
278 278 279
279 279 280
280 280 281
281 281 282
282 282 283
283 283 284
284 284 285
285 285 286
286 286 287
287 287 288
288 288 289
289 289 290
290 290 291
291 291 292
292 292 293
293 293 294
294 294 295
295 295 296
296 296 297
297 297 298
298 298 299
299 299 300
300 300 301
301 301 302
302 302 303
303 303 304
304 304 305
305 305 306
306 306 307
307 307 308
308 308 309
309 309 310
310 310 311
311 311 312
312 312 313
313 313 314
314 314 315
315 315 316
316 316 317
317 317 318
318 318 319
319 319 320
320 320 321
321 321 322
322 322 323
323 323 324
324 324 325
325 325 326
326 326 327
327 327 328
328 328 329
329 329 330
330 330 331
331 331 332
332 332 333
333 333 334
334 334 335
335 335 336
336 336 337
337 337 338
338 338 339
339 339 340
340 340 341
341 341 342
342 342 343
343 343 344
344 344 345
345 345 346
346 346 347
347 347 348
348 348 349
349 349 350
350 350 351
351 351 352
352 352 353
353 353 354
354 354 355
355 355 356
356 356 357
357 357 358
358 358 359
359 359 360
360 360 361
361 361 362
362 362 363
363 363 364
364 364 365
365 365 366
366 366 367
367 367 368
368 368 369
369 369 370
370 370 371
371 371 372
372 372 373
373 373 374
374 374 375
375 375 376
376 376 377
377 377 378
378 378 379
379 379 380
380 380 381
381 381 382
382 382 383
383 383 384
384 384 385
385 385 386
386 386 387
387 387 388
388 388 389
389 389 390
390 390 391
391 391 392
392 392 393
393 393 394
394 394 395
395 395 396
396 396 397
397 397 398
398 398 399
399 399 400
400 400 401
401 401 402
402 402 403
403 403 404
404 404 405
405 405 406
406 406 407
407 407 408
408 408 409
409 409 410
410 410 411
411 411 412
412 412 413
413 413 414
414 414 415
415 415 416
416 416 417
417 417 418
418 418 419
419 419 420
420 420 421
421 421 422
422 422 423
423 423 424
424 424 425
425 425 426
426 426 427
427 427 428
428 428 429
429 429 430
430 430 431
431 431 432
432 432 433
433 433 434
434 434 435
435 435 436
436 436 437
437 437 438
438 438 439
439 439 440
440 440 441
441 441 442
442 442 443
443 443 444
444 444 445
445 445 446
446 446 447
447 447 448
448 448 449
449 449 450
450 450 451
451 451 452
452 452 453
453 453 454
454 454 455
455 455 456
456 456 457
457 457 458
458 458 459
459 459 460
460 460 461
461 461 462
462 462 463
463 463 464
464 464 465
465 465 466
466 466 467
467 467 468
468 468 469
469 469 470
470 470 471
471 471 472
472 472 473
473 473 474
474 474 475
475 475 476
476 476 477
477 477 478
478 478 479
479 479 480
480 480 481
481 481 482
482 482 483
483 483 484
484 484 485
485 485 486
486 486 487
487 487 488
488 488 489
489 489 490
490 490 491
491 491 492
492 492 493
493 493 494
494 494 495
495 495 496
496 496 497
497 497 498
498 498 499
499 499 500
500 500 501
501 501 502
502 502 503
503 503 504
504 504 505
505 505 506
506 506 507
507 507 508
508 508 509
509 509 510
510 510 511
511 511 512
512 512 513
513 513 514
514 514 515
515 515 516
516 516 517
517 517 518
518 518 519
519 519 520
520 520 521
521 521 522
522 522 523
523 523 524
524 524 525
525 525 526
526 526 527
527 527 528
528 528 529
529 529 530
530 530 531
531 531 532
532 532 533
533 533 534
534 534 535
535 535 536
536 536 537
537 537 538
538 538 539
539 539 540
540 540 541
541 541 542
542 542 543
543 543 544
544 544 545
545 545 546
546 546 547
547 547 548
548 548 549
549 549 550
550 550 551
551 551 552
552 552 553
553 553 554
554 554 555
555 555 556
556 556 557
557 557 558
558 558 559
559 559 560
560 560 561
561 561 562
562 562 563
563 563 564
564 564 565
565 565 566
566 566 567
567 567 568
568 568 569
569 569 570
570 570 571
571 571 572
572 572 573
573 573 574
574 574 575
575 575 576
576 576 577
577 577 578
578 578 579
579 579 580
580 580 581
581 581 582
582 582 583
583 583 584
584 584 585
585 585 586
586 586 587
587 587 588
588 588 589
589 589 590
590 590 1